position = 100.000022,100.000022,5.001435,0.000000,0.000000
inner = 0
outer = 0
mixer = 0
screw = 0
